48
87
64
11
3
25
40
37
61
50
-4
-38
-24
12
52
66
68
73
72
81
91
117
121
82
44
42
23
21
86
140
160
149
145
120
59
19
-19
-9
41
18
-21
2
5
8
41
40
-11
-77
-119
-73
-4
38
74
50
-11
-41
-41
-37
-19
55
86
60
43
24
18
103
209
240
183
152
185
209
218
196
133
80
54
37
52
108
121
44
-27
-41
-30
-38
-54
-84
-105
-76
-22
17
64
97
28
-10
9
6
-28
-34
3
53
76
98
99
96
152
242
299
283
198
145
164
177
184
128
41
-3
-3
39
58
82
136
165
76
-6
13
19
-42
-86
-53
4
34
57
107
167
150
106
107
66
21
21
54
27
-29
-39
40
155
177
105
23
40
105
40
-54
-66
4
65
74
116
128
130
119
83
60
44
10
17
83
140
171
195
210
155
89
27
-13
3
37
40
70
119
73
-4
-45
-54
-53
-33
-20
-25
24
123
150
84
38
27
69
76
17
-44
-53
-11
56
104
101
77
49
56
44
28
39
19
-22
-53
-55
-28
23
50
17
17
21
10
22
-5
-46
-40
5
5
3
29
71
103
68
39
53
76
72
58
37
-5
-33
-29
-8
2
8
22
42
87
70
18
45
75
64
52
38
26
50
82
106
124
91
51
39
69
91
93
65
4
-41
-41
20
68
82
86
136
193
178
90
6
7
41
37
-17
-75
34
87
52
0
-30
-92
-81
11
88
55
0
-17
-4
6
-4
-28
-53
-52
-58
-52
28
129
112
7
-13
61
128
128
93
65
42
44
41
57
37
1
8
84
123
93
41
3
7
32
68
9
-90
-117
-49
35
92
86
6
-75
-90
-84
-85
-84
-55
-27
-24
-49
-40
-39
-55
-40
-42
-68
-37
1
-4
-21
-6
33
36
-12
-78
-130
-113
1
117
154
132
99
74
82
104
116
97
65
64
55
44
103
160
139
91
72
70
39
7
-30
-27
28
22
-33
-53
-17
52
91
85
66
44
29
42
37
9
12
-8
-19
-5
12
56
129
93
24
33
89
87
64
97
139
151
162
152
114
55
39
33
8
-36
-55
-38
52
114
102
60
50
82
117
114
99
80
25
2
23
45
45
37
12
8
44
32
-51
-52
-51
-88
-52
-10
-23
-50
-55
-26
26
41
27
10
13
34
24
7
-7
-12
4
13
13
29
32
12
17
18
-23
-84
-56
22
83
130
129
98
90
112
112
52
-20
-50
-51
-45
-34
-20
-5
17
37
0
-36
7
72
72
13
-42
-50
-28
-23
-11
4
-4
18
51
12
-2
40
77
73
60
67
93
101
70
28
17
35
26
9
17
40
90
113
70
21
8
22
36
24
19
45
80
91
68
24
-4
-40
-74
-76
-70
-67
-43
6
36
36
35
70
46
166
117
57
73
98
91
72
53
64
68
69
56
64
71
60
41
13
-3
4
4
19
71
128
108
66
70
105
89
45
8
-23
-10
6
16
36
51
42
66
81
67
74
123
113
39
9
38
65
32
-10
-12
-4
-9
33
129
149
112
97
105
117
112
100
83
73
54
1
-21
10
59
53
38
39
21
-20
-22
33
90
74
38
18
10
22
44
75
60
9
-38
-57
-50
-17
20
12
37
80
57
12
-2
25
59
-2
-97
-120
-73
-13
16
22
23
4
-35
-42
-33
-39
-88
-117
-97
-75
-33
37
45
-3
-33
-29
-50
-69
-74
-66
-36
26
83
88
55
25
13
-14
-45
-61
-86
-74
-17
48
106
98
33
-22
-20
-28
-57
-76
-101
-101
-69
-9
97
146
97
28
12
36
39
11
-5
0
-2
-20
-2
41
71
58
9
21
75
75
60
74
96
85
49
16
48
102
163
180
161
148
151
196
231
134
9
4
115
225
269
251
200
199
236
258
274
291
314
321
360
391
341
310
317
317
320
314
300
321
378
411
396
378
320
236
195
154
120
112
117
113
69
13
-12
-40
-71
-68
-83
-141
-179
-141
-141
-220
-276
-238
-172
-172
-163
-85
-33
-38
-65
-98
-117
-149
-170
-167
-188
-229
-244
-212
-193
-188
-195
-219
-248
-254
-173
-21
34
-33
-86
-28
64
84
26
-45
-84
-45
18
42
25
-18
-67
-60
-18
1
-10
-37
-58
-40
19
70
70
-26
-53
6
28
1
-59
-98
-87
-106
-125
-73
26
35
-34
-27
36
56
-4
-57
-42
-17
-4
-4
-34
-58
-53
-25
20
39
26
38
70
106
87
54
65
81
71
69
117
172
132
41
-12
-42
-74
-101
-70
-50
-68
-18
38
80
107
129
90
38
27
33
32
25
7
28
57
97
105
68
76
119
137
81
9
-12
-13
-28
-55
-74
-52
-27
-3
2
-37
-52
-43
-43
-45
-13
24
20
28
51
77
87
75
54
36
52
115
156
137
100
80
84
96
82
13
-37
-18
25
48
75
139
137
89
88
102
93
114
151
167
135
77
44
44
59
50
11
-26
-40
-43
-43
-41
-4
-13
-46
2
66
40
-11
-10
39
131
213
240
258
291
327
331
280
240
242
274
304
265
226
265
311
315
268
137
73
70
72
34
5
33
101
124
72
41
68
113
137
154
165
131
96
101
90
76
116
136
116
83
85
123
104
60
83
108
74
26
17
11
20
40
73
75
35
2
-25
-18
22
50
41
27
35
49
48
57
64
38
38
73
57
38
64
93
152
184
122
58
56
86
112
130
140
149
145
134
87
50
45
44
21
-12
-27
-27
-23
-20
-12
-9
-23
-44
-55
-41
23
74
57
3
-33
-2
37
56
90
122
129
122
117
113
85
51
69
86
87
104
120
123
108
82
56
56
38
33
53
82
118
145
129
93
81
87
121
133
133
101
57
48
42
23
-5
-34
-44
-51
-51
-36
-9
4
-3
-12
-23
33
19
4
-9
-25
-34
-1
42
86
117
118
128
147
150
138
98
65
68
58
32
33
61
85
80
44
33
80
114
107
104
114
93
43
11
8
19
11
3
40
80
45
0
4
11
-8
-40
-67
-59
-25
-9
-3
-21
-52
-17
22
21
32
44
39
22
2
4
41
87
100
60
33
49
98
130
123
72
28
7
-4
20
104
136
71
33
54
76
92
97
56
8
-1
24
48
39
8
-26
-38
-4
33
69
88
97
101
88
86
115
124
48
-9
20
54
43
26
43
75
100
107
88
89
116
133
153
124
24
-18
32
80
85
33
-28
-37
8
53
64
82
104
101
99
116
122
122
84
24
29
56
12
-28
3
10
45
25
-44
-92
-101
-72
-3
40
0
-8
25
37
52
61
40
25
34
20
12
21
35
50
37
40
59
27
-4
-23
-58
-52
48
147
156
134
119
88
55
24
28
20
-13
-38
-6
72
185
199
123
67
34
-18
-54
-59
-18
41
42
-41
-113
-135
-105
-2
75
101
58
1
-11
-21
-9
58
89
7
-91
-56
52
124
140
123
88
71
55
-17
-70
-26
48
65
103
153
131
114
193
364
469
428
329
279
278
264
233
228
218
179
145
118
81
128
224
228
134
40
23
32
-17
-58
-76
-92
-40
64
107
117
145
114
44
7
-9
-38
-89
-136
-125
-73
-17
-12
-38
-67
-76
-55
-45
-69
-114
-153
-172
-150
-84
-57
-43
-46
-70
-37
12
10
-4
-28
-11
53
76
27
-19
-54
-39
33
56
28
35
49
41
56
58
23
-65
-105
-56
-37
-1
150
284
218
97
40
39
59
54
41
85
150
195
246
315
332
259
180
137
124
117
124
146
188
225
229
220
219
214
188
195
202
176
129
117
162
211
193
138
132
160
151
133
119
85
66
100
165
202
199
163
134
141
203
273
247
181
118
88
82
75
59
11
-38
-50
-26
-27
-17
27
88
100
35
-19
-49
-61
-54
-102
-153
-119
-35
37
52
-4
-61
-68
-39
-38
-56
-33
84
145
119
121
116
49
-51
-73
-39
-29
-53
-50
-22
-36
-41
-73
-147
-168
-83
49
83
60
27
-54
-146
-169
-91
-58
-93
-135
-140
-39
69
83
21
-66
-69
-13
2
27
81
125
151
106
66
98
106
56
2
-17
-21
-29
-49
-73
-59
-25
20
41
-3
-25
-1
17
-1
-53
-124
-178
-129
-19
50
93
101
6
-87
-116
-125
-137
-115
-54
-17
-4
20
58
68
45
50
48
-19
-27
77
116
57
45
50
21
-35
-51
-35
-38
-36
1
76
113
32
-50
-76
-34
82
151
89
-36
-97
-24
98
119
61
35
90
114
43
-34
-69
-35
5
9
5
-13
-33
-26
-22
-9
-9
-23
-20
-14
-7
5
8
50
139
181
150
124
170
125
25
-68
-84
-65
-33
-22
-58
-73
-27
36
53
50
55
16
-57
-72
-12
33
41
3
-41
-26
98
197
155
43
-37
-72
-57
4
64
77
54
4
-18
-2
-17
-82
-138
-109
-35
68
135
166
163
122
124
90
12
-50
-89
-100
-86
-59
-25
27
54
53
21
25
112
202
227
183
157
137
91
37
-13
-58
-70
-25
37
88
98
83
64
64
65
68
55
13
3
26
51
44
18
-20
-51
-100
-126
-53
45
92
85
71
87
57
-10
-52
-54
2
69
40
-24
-30
10
80
125
117
64
12
32
75
96
90
65
24
-14
-14
-7
-23
5
67
88
54
9
-1
23
38
56
87
85
29
-44
-98
-103
-73
-41
26
-66
-153
-173
-66
57
138
98
-28
-102
-109
-62
-13
-54
-153
-198
-142
-58
35
117
123
69
41
52
81
99
76
40
22
34
72
97
83
42
22
58
117
120
67
-12
-53
-4
67
75
28
-21
-2
70
118
112
67
26
10
11
27
32
72
117
98
12
-44
-50
-23
-1
-7
-6
33
83
104
71
32
43
52
-22
-29
68
138
146
154
149
121
76
32
52
121
131
91
84
112
137
121
83
5
-37
2
53
80
75
42
-2
-40
-54
-19
-24
-85
-83
8
84
68
36
17
5
18
39
40
20
13
38
48
29
18
6
3
17
38
23
-28
-36
135
113
71
81
59
25
34
81
121
120
84
98
165
169
119
82
92
124
84
21
27
73
107
100
75
72
17
-46
-59
-12
43
66
45
11
-20
-70
-55
75
163
128
64
43
27
86
49
35
92
146
137
117
80
25
17
52
89
97
60
40
73
65
34
45
51
22
2
18
56
43
11
1
16
54
90
100
76
38
44
69
37
-30
-68
-60
-14
-7
-5
17
58
65
66
80
84
76
88
105
80
69
99
116
123
134
100
45
10
7
23
39
26
0
34
108
117
65
28
37
35
3
-17
-37
-46
-38
-27
-9
32
59
73
80
53
-2
-60
-90
-50
-1
32
77
83
84
85
82
91
82
54
16
16
57
101
88
29
12
9
-13
3
41
17
0
48
103
114
66
23
10
23
-5
-51
-33
23
58
3
-62
-55
19
76
88
99
122
148
144
112
91
59
49
43
4
-28
-21
9
41
32
-46
-41
-50
-88
-81
-44
-21
-20
-28
-35
-3
43
56
10
-37
-6
72
139
136
84
37
29
61
100
72
33
66
136
168
145
118
96
96
97
67
29
26
38
29
25
24
56
98
104
72
45
64
86
66
32
19
37
90
132
117
88
81
53
66
84
76
74
99
105
74
55
51
37
-1
-1
20
43
41
36
54
73
58
20
10
40
74
68
51
57
73
80
43
9
-2
-8
3
18
29
25
-4
-12
-4
-21
-51
-73
-89
-59
-26
-36
-37
-19
7
25
5
-27
-59
-50
13
64
42
8
39
101
122
104
82
60
38
3
-11
-24
-13
36
88
81
34
16
34
40
27
17
8
19
44
72
91
88
83
37
13
-44
-83
-36
-1
13
93
182
202
194
198
228
240
212
134
37
6
40
117
195
245
247
229
227
224
208
200
220
236
234
221
232
291
386
477
454
377
388
434
441
428
376
305
346
488
565
537
513
488
438
424
436
412
368
328
333
341
304
243
179
128
64
-10
-58
-86
-102
-87
-43
-69
-145
-168
-151
-156
-180
-181
-152
-137
-179
-245
-280
-289
-275
-233
-218
-246
-275
-280
-297
-302
-327
-354
-342
-325
-284
-216
-183
-155
-141
-179
-213
-234
-247
-249
-205
-155
-131
-140
-147
-151
-167
-185
-203
-218
-228
-214
-137
-74
-76
-109
-123
-133
-152
-173
-189
-202
-204
-170
-107
-69
-59
3
20
-42
-77
-69
-69
-129
-174
-130
-40
11
21
38
107
155
153
106
64
22
-35
-69
-43
-9
0
22
55
76
75
66
67
44
-8
-44
-41
5
92
122
104
103
151
180
134
82
45
43
65
75
99
119
133
116
88
51
4
-23
-2
44
39
4
7
52
72
60
25
-29
-72
-81
-57
-3
39
25
-7
-20
10
89
116
64
11
6
41
61
75
102
101
71
67
86
102
90
64
49
48
38
48
84
92
76
76
66
53
43
34
-2
-19
-26
-17
1
33
71
140
182
154
125
129
122
82
67
58
48
54
90
108
105
97
70
58
70
92
132
163
154
138
152
155
141
101
70
48
22
27
44
52
36
24
37
84
115
104
91
101
107
100
89
93
104
86
23
-27
-20
4
8
34
48
37
10
6
42
51
8
-2
50
84
57
17
27
77
90
53
6
-13
-12
22
92
151
147
97
96
122
100
43
-8
-6
20
54
107
152
165
167
155
82
-11
-13
48
70
43
22
24
23
35
56
27
-17
-5
53
45
5
-6
21
44
38
21
3
-4
-12
-26
-2
59
58
25
53
105
90
32
-3
20
34
20
26
53
40
8
1
16
33
32
18
22
34
41
65
72
59
67
81
98
107
104
87
68
58
54
49
29
-7
-57
-66
-46
-27
-2
10
20
19
3
22
43
21
38
102
149
137
103
89
85
72
55
34
18
16
33
80
115
114
73
29
11
-1
-19
-38
-40
-5
23
29
45
12
-6
34
65
50
29
22
39
56
50
41
12
-17
-19
-4
16
11
-6
-3
65
118
114
104
117
140
139
100
51
24
33
35
27
42
53
74
97
87
71
66
50
21
9
73
150
138
56
7
33
74
54
21
40
67
60
57
85
82
40
0
-17
2
21
51
120
216
261
235
188
154
140
120
82
40
19
17
12
5
19
44
66
54
43
67
113
123
84
42
27
42
67
75
66
27
16
49
45
24
28
35
-18
-76
-67
-71
-90
-30
73
92
70
73
104
114
77
2
1
-26
-77
-87
-30
77
139
138
136
133
117
132
172
193
157
107
85
87
103
106
96
72
49
49
66
89
116
156
192
165
106
93
137
134
104
66
35
40
44
69
98
102
97
102
146
172
136
51
-9
-19
-6
6
41
91
140
170
166
154
189
218
170
102
74
84
85
104
131
108
69
51
49
27
58
104
105
89
125
203
205
128
89
107
102
59
43
73
70
33
20
27
36
43
51
42
35
44
80
102
96
81
74
67
82
76
64
68
64
59
60
68
90
89
72
54
72
99
102
81
66
100
137
141
108
59
23
-5
-6
19
24
25
32
49
70
71
55
39
1
-13
2
36
65
73
27
29
33
-5
-49
-69
-76
-46
3
27
37
45
25
-17
-26
-1
19
32
24
3
-19
-44
-72
-69
115
73
19
1
10
20
23
32
33
66
115
121
97
88
80
43
22
45
66
59
43
45
44
36
34
67
109
124
89
32
-6
11
60
65
26
-12
-28
-10
28
58
51
11
-8
33
53
33
20
38
80
98
74
48
11
-1
24
34
22
11
-11
-42
-26
52
112
98
69
61
76
68
29
17
17
5
-13
-29
-7
21
24
5
3
16
39
86
75
56
57
40
5
-2
20
20
10
26
18
-27
-35
21
73
90
81
56
48
57
88
92
64
23
-3
20
64
85
86
80
57
26
7
22
51
55
44
33
20
2
6
26
40
18
-21
-42
-37
-1
28
44
67
76
80
83
52
26
52
96
96
52
37
72
71
81
148
146
96
54
43
60
75
57
25
-13
-58
-61
-30
10
76
121
123
130
148
166
156
106
68
76
99
84
85
129
123
99
84
85
102
99
87
102
117
113
82
48
38
44
54
55
26
2
25
80
105
100
103
115
98
71
38
10
3
8
19
6
0
2
-7
-10
-11
-10
-6
-24
-42
-33
-14
-6
3
34
65
68
27
-12
-12
3
9
28
39
17
7
27
59
70
56
77
149
200
218
220
228
231
229
225
203
186
185
188
214
261
300
324
322
341
354
360
376
385
408
467
498
452
407
404
426
451
458
427
363
309
288
310
361
347
291
265
220
178
135
100
76
45
-10
-52
-50
-59
-113
-147
-131
-122
-154
-217
-257
-237
-229
-258
-275
-274
-279
-294
-292
-279
-244
-204
-209
-246
-293
-301
-283
-280
-290
-292
-284
-267
-254
-277
-293
-247
-174
-170
-206
-227
-201
-161
-142
-165
-194
-199
-185
-170
-147
-118
-121
-141
-152
-140
-125
-110
-84
-88
-94
-91
-99
-98
-87
-89
-82
-51
-28
-30
-34
-37
-68
-90
-81
-73
-72
-83
-74
-49
-44
-66
-73
-61
-18
6
-7
-24
-29
-23
-14
-20
-35
-25
-17
-7
17
29
38
25
5
11
55
121
144
134
135
131
112
68
37
41
24
7
37
121
202
201
146
86
72
99
123
140
7
106
96
116
132
118
86
68
74
76
66
83
114
102
86
98
96
98
128
145
119
96
87
84
75
81
97
114
119
122
139
162
155
144
122
123
151
163
168
173
160
140
125
130
140
153
164
173
186
217
229
216
220
249
289
337
363
370
359
357
391
428
413
402
402
378
388
425
456
451
372
291
279
332
377
361
321
293
283
288
276
225
166
132
131
134
130
124
103
51
11
1
-23
-42
-68
-100
-125
-121
-120
-148
-168
-168
-171
-206
-257
-283
-306
-297
-321
-375
-407
-395
-340
-274
-261
-310
-373
-387
-365
-345
-331
-312
-309
-299
-260
-210
-177
-174
-199
-227
-227
-211
-214
-231
-210
-173
-163
-148
-130
-97
-89
-141
-157
-122
-109
-101
-92
-97
-83
-67
-53
-77
-107
-122
-134
-132
-125
-106
-57
-22
-10
-8
-4
-2
2
6
-23
-36
1
26
16
-10
-14
11
48
91
93
34
7
43
81
103
100
82
73
76
103
148
160
121
68
26
22
27
18
-26
-61
-5
82
109
90
56
74
117
117
85
57
57
87
104
101
109
132
123
98
77
71
65
87
124
123
76
66
98
106
105
122
136
145
156
160
119
87
76
57
28
8
8
34
54
70
73
67
35
-3
-25
1
44
84
97
90
103
128
128
109
76
25
-5
-7
4
-5
-4
29
76
102
102
83
56
49
75
101
84
25
-34
-53
-39
-4
33
69
71
58
75
120
168
187
173
139
105
97
98
88
69
57
51
28
12
-1
-4
37
60
22
0
21
29
-17
-22
49
99
96
67
57
86
108
105
100
98
60
2
-9
-7
6
44
57
40
41
66
60
48
42
83
129
120
77
66
91
148
170
152
120
99
90
72
53
18
-18
-18
2
-5
-37
-41
-35
-3
37
24
-8
-1
40
99
152
128
68
39
28
25
27
25
37
27
19
37
57
73
75
48
25
34
57
66
55
34
38
68
67
66
97
135
134
116
109
132
153
132
92
53
17
3
27
50
75
105
104
98
89
101
102
87
58
51
53
39
20
1
-33
-45
-36
11
48
5
10
38
41
26
25
10
-4
18
35
49
56
56
59
53
43
19
-27
-56
-17
38
65
64
34
-2
7
33
32
6
3
34
71
87
55
8
8
50
83
117
102
76
54
80
123
119
74
38
17
2
3
40
97
115
119
112
84
68
66
80
66
27
-6
-30
-39
3
61
132
182
145
56
20
21
-3
-49
-70
-55
-37
-2
40
66
72
69
54
21
8
26
38
60
77
51
2
-26
-26
-24
-35
-20
-4
22
70
60
0
-33
-6
17
19
-5
-28
-13
20
75
93
69
64
64
67
77
97
98
92
104
130
166
188
150
89
76
80
56
21
17
21
27
39
37
53
72
60
57
55
36
24
16
3
-10
-4
41
121
163
147
149
169
168
114
66
76
90
53
28
58
88
102
113
118
107
85
70
67
69
73
53
25
34
41
53
69
91
134
150
123
-226
-253
-302
-345
-362
-363
-378
-314
-265
-289
-330
-330
-290
-259
-310
-380
-378
-332
-280
-341
-377
-311
-262
-242
-188
-148
-130
-103
-98
-238
-343
-307
-251
-237
-188
-104
-43
-3
57
37
-43
-86
-69
-39
-2
36
91
138
176
147
88
40
2
26
82
119
123
87
49
49
-13
-87
-85
3
65
22
5
22
3
27
50
54
77
104
156
163
103
48
42
108
154
100
0
-7
70
133
155
186
149
71
81
148
181
146
45
18
90
176
183
155
138
132
133
132
98
82
148
194
147
123
189
277
292
214
133
115
138
116
81
103
141
171
177
170
152
118
116
138
153
121
103
108
92
73
81
80
104
147
119
105
136
214
231
197
199
168
81
42
66
119
150
162
157
160
144
132
118
118
85
49
72
138
178
185
170
145
101
57
48
102
129
106
69
45
85
168
198
139
44
-6
64
129
104
56
34
60
91
74
25
10
69
86
70
75
96
90
25
-26
-20
20
51
85
122
166
172
118
58
54
20
-45
-26
54
136
152
112
115
148
131
92
72
71
102
139
139
121
132
107
69
-1
-56
-78
-28
67
105
103
71
49
27
-23
-56
-38
-6
-17
-49
-40
-22
-17
0
35
66
34
-7
-5
48
112
162
181
130
61
66
136
208
167
51
-34
-25
37
51
24
11
19
35
37
23
35
57
66
18
58
86
59
-14
-46
-33
-33
-40
12
57
38
-4
-12
17
105
199
217
185
160
164
186
161
114
25
-43
-34
-1
48
66
59
64
66
71
82
65
51
43
6
-27
-41
-50
-76
-2
132
135
64
71
123
166
194
153
101
52
21
1
11
74
119
85
10
-27
-5
18
-6
-54
-14
32
18
18
70
92
91
98
146
243
226
154
116
151
164
128
104
121
155
153
137
165
198
184
146
113
93
100
139
184
229
279
337
342
353
391
402
410
441
442
467
483
428
374
361
363
354
332
362
457
507
486
454
394
298
199
128
104
87
12
-20
45
138
176
133
76
-22
-122
-168
-187
-168
-136
-150
-157
-170
-136
-104
-134
-213
-328
-396
-377
-306
-204
-184
-244
-290
-285
-295
-307
-332
-364
-375
-387
-371
-360
-376
-373
-350
-364
-386
-380
-333
-276
-250
-284
-296
-190
-53
-55
-151
-140
-26
59
22
-33
-12
-10
-70
-115
-122
-148
-156
-131
-91
-60
-59
-52
-17
25
41
26
-51
-190
-250
-211
-124
-54
0
-3
-56
-54
18
118
138
88
49
33
8
8
38
75
68
45
32
24
36
93
166
193
141
66
28
41
90
121
139
153
149
144
130
103
72
64
70
75
102
162
209
199
148
173
279
308
246
153
89
76
84
68
75
58
23
17
48
107
138
115
68
70
102
117
102
-4
-44
27
20
23
1
-54
-81
-41
35
106
119
167
252
292
258
188
162
148
118
64
58
88
84
54
58
71
34
-42
-115
-122
-77
29
121
125
116
92
54
65
80
56
18
-11
2
40
85
99
98
91
50
37
32
32
38
35
33
10
-12
-19
-3
12
53
149
244
252
196
160
156
121
93
85
72
70
84
89
86
86
50
35
57
11
-83
-146
-137
-89
-41
-26
-68
-104
-74
-1
40
24
-40
-121
-133
-62
-25
18
99
187
220
171
117
102
85
16
-65
-100
-84
-28
16
10
-5
5
17
22
44
48
25
-5
-6
43
105
100
58
45
56
88
96
22
-65
-78
-45
33
118
138
155
160
147
137
93
42
5
-9
-8
25
76
125
146
124
106
93
67
84
118
76
-2
-39
-18
49
88
119
102
66
37
23
18
-6
-6
16
48
56
74
89
50
3
39
65
23
21
71
101
107
121
132
106
49
3
-14
-29
-24
-7
7
29
44
41
58
104
70
10
10
20
-35
-71
-33
33
108
148
116
35
-30
-39
-18
-11
28
105
123
123
147
139
103
54
35
40
28
22
40
100
135
129
88
40
0
-2
43
77
75
80
89
83
56
39
20
21
21
39
68
81
68
17
-17
5
20
49
119
182
181
132
72
32
-12
12
128
185
132
67
64
103
164
165
117
36
-12
12
57
101
160
155
75
24
32
41
10
-39
-4
-25
-42
-71
-56
3
37
40
53
76
80
12
-73
-107
-103
-67
-4
-12
-70
-57
-2
38
73
51
-5
-11
34
64
70
84
74
67
80
40
-14
-59
-66
-22
28
67
80
88
115
185
209
157
80
57
49
11
5
60
72
24
0
23
57
38
1
11
23
-18
-43
-9
26
20
-10
-7
19
24
8
4
-22
-44
5
53
36
22
25
22
43
59
39
18
12
51
81
64
42
43
52
70
107
125
109
86
51
55
87
80
18
-23
-9
17
48
25
19
68
129
116
61
43
69
107
153
162
120
55
7
34
80
74
28
-25
-9
22
10
4
49
112
5
5
-13
19
40
16
-25
-28
12
49
60
45
11
-2
17
35
29
35
37
35
49
97
121
91
35
11
20
27
36
52
69
71
60
56
39
42
74
49
-27
20
26
53
121
148
100
19
-58
-60
-5
41
60
57
50
41
39
22
-6
-20
-8
-18
-26
10
75
85
43
9
-7
34
113
150
133
113
144
209
210
149
105
85
69
71
117
181
182
101
4
-65
-67
-34
-37
-72
-78
-49
-20
-17
-40
-89
-102
-100
-93
-52
-5
-25
-67
-61
-19
7
-10
-13
21
33
12
26
16
-10
2
29
53
56
48
61
82
73
41
48
88
117
106
98
119
104
28
-28
-6
24
29
57
91
123
117
77
69
81
82
58
61
52
19
37
119
130
75
59
45
2
16
91
117
108
132
164
145
99
148
180
167
156
176
181
157
156
192
178
117
105
181
240
231
194
169
186
196
155
122
116
114
102
84
117
144
145
134
113
70
42
29
24
20
13
20
37
68
89
97
114
132
146
151
136
120
109
82
74
90
120
118
70
18
-11
-8
18
75
140
171
156
132
144
181
192
166
116
43
-30
-66
-26
64
139
122
72
58
36
2
-43
-78
-68
8
69
25
-50
-56
18
93
107
36
-33
-40
-11
7
68
125
104
39
11
6
3
19
24
-12
-70
-130
-164
-117
0
73
66
42
57
102
139
116
43
27
59
57
29
18
33
51
29
6
-3
-17
-8
43
67
49
26
28
55
70
43
1
23
57
66
45
13
55
129
152
119
40
-7
16
36
32
27
24
24
35
44
70
45
25
43
52
52
74
82
68
82
67
40
36
71
136
161
129
121
155
177
149
109
113
122
80
-3
-21
-9
13
42
36
-12
-86
-114
-49
57
114
114
97
70
43
37
7
-56
-88
-75
-57
-3
53
80
147
246
313
322
300
308
324
336
336
310
304
312
313
316
341
356
346
344
405
476
484
443
396
365
371
352
313
311
280
232
213
245
267
214
153
144
147
132
102
69
68
64
84
133
129
73
39
18
-37
-118
-169
-178
-163
-190
-227
-219
-188
-154
-148
-165
-177
-178
-152
-134
-155
-199
-241
-276
-247
-218
-233
-245
-244
-246
-258
-291
-322
-297
-281
-292
-274
-232
-210
-218
-227
-232
-237
-219
-170
-149
-162
-177
-183
-186
-178
-163
-166
-152
-113
-50
-4
-11
-46
-56
-28
-25
-81
-134
-158
-186
-182
-77
23
48
26
-13
-55
-51
-28
-35
-44
-21
-27
-45
-3
58
74
64
22
-9
-19
-21
-6
5
6
-33
-87
-70
-50
-44
-46
-43
7
75
112
81
32
49
99
125
141
152
88
40
121
195
161
108
80
60
69
107
148
122
35
-18
-26
-11
7
37
82
104
121
147
155
156
144
96
48
3
-24
-21
-7
9
55
59
50
70
48
-9
-29
-39
-28
-14
10
29
17
5
40
83
74
54
44
16
1
61
101
129
149
117
80
89
97
57
4
-12
4
-1
6
39
54
41
71
120
121
60
-4
-46
-50
-34
-29
-36
-43
-25
20
9
-40
-14
41
100
154
153
118
134
203
259
204
113
85
128
137
125
134
123
87
56
34
35
52
32
4
9
44
70
81
43
41
50
52
64
92
83
52
75
122
128
102
98
93
72
60
42
28
65
97
96
92
118
144
153
131
74
49
56
74
129
177
182
150
120
101
92
121
163
166
140
134
137
135
131
131
128
116
101
87
97
121
100
39
-18
-43
-52
-58
-50
-6
25
40
42
60
118
149
74
59
83
105
67
1
51
172
231
213
171
213
272
256
218
235
273
251
220
227
244
210
114
34
41
85
81
26
-30
-34
8
9
2
29
8
-46
-57
-24
-7
-12
-19
-66
-114
-106
-51
-28
-20
-40
-74
-118
-166
-180
-173
-129
-50
50
105
119
116
60
37
88
132
91
34
51
76
83
124
170
163
144
150
141
104
82
80
83
50
-26
-72
-56
-13
-2
-18
4
81
113
72
8
-20
-14
11
49
74
43
9
32
68
42
4
1
-17
-53
-60
-18
43
40
-5
-10
8
27
20
24
-2
-66
-90
-26
72
134
130
90
99
151
217
228
176
120
70
33
17
19
49
54
39
3
-17
26
70
74
52
11
-1
1
6
19
37
24
-27
-72
-74
-70
-76
-97
-109
-89
6
164
225
157
73
76
138
136
56
-14
-36
-7
67
150
160
99
41
25
34
53
81
97
77
49
28
25
1
-44
-74
-39
34
81
92
117
117
100
80
27
-24
-37
2
51
56
0
-53
-69
-53
-24
18
72
99
84
82
138
186
184
135
68
39
68
87
122
140
101
42
41
83
120
102
60
81
129
133
107
100
132
188
229
258
279
284
358
465
477
482
530
586
577
528
563
641
636
600
616
668
713
754
763
757
806
848
833
820
852
901
914
918
945
962
937
888
842
812
786
761
806
854
872
839
770
765
811
817
792
755
705
673
658
626
567
537
546
519
434
364
359
396
391
283
147
101
122
119
26
-56
-23
6
-50
-162
-235
-243
-221
-251
-339
-371
-356
-387
-449
-502
-537
-555
-562
-596
-662
-674
-604
-513
-470
-518
-604
-637
-609
-574
-580
-613
-612
-581
-552
-523
-520
-574
-644
195
258
253
180
39
-100
-135
-17
140
184
123
106
251
427
475
370
244
181
258
313
264
210
181
181
189
208
211
259
274
182
114
116
113
76
24
-4
33
103
149
181
245
220
131
44
1
-3
26
-5
-37
5
100
264
389
356
304
332
306
211
136
109
90
82
106
170
282
339
307
181
68
19
-4
33
39
0
27
96
74
38
48
107
107
11
-44
-55
-77
-102
-90
-72
24
179
261
245
266
323
330
227
113
76
55
36
76
117
128
123
183
193
74
-11
-1
69
75
17
-19
3
48
-2
-36
11
48
38
38
87
112
103
73
35
-54
-122
-60
54
147
123
21
10
120
217
131
19
-18
-76
-75
-45
-41
-10
52
82
73
109
161
176
152
58
-68
-68
25
119
134
107
145
117
57
88
120
43
-94
-139
-131
-135
-108
3
121
98
-19
-68
-66
-40
-10
-20
-53
-49
2
21
2
11
11
27
69
54
17
12
18
61
153
154
130
122
146
148
135
116
91
85
58
17
1
6
-39
-66
26
92
64
33
67
96
85
89
74
-12
-36
41
93
56
40
86
91
81
42
-22
-84
-166
-221
-187
-26
192
315
316
234
214
266
290
217
98
12
-34
-51
-61
-65
-37
24
24
-9
-7
40
162
220
138
83
113
70
-13
17
72
58
61
129
140
86
51
68
85
80
49
19
26
128
197
52
-72
-91
-72
-58
-10
88
154
104
53
71
136
179
145
86
89
145
107
41
100
194
208
165
165
279
330
277
220
200
154
131
122
65
7
27
81
90
98
80
18
-40
-54
-9
58
66
29
49
121
153
108
102
146
167
165
203
312
340
292
279
337
375
342
273
240
249
282
296
284
258
260
300
308
229
177
162
131
120
172
170
92
35
38
109
85
27
43
54
-10
-51
64
123
72
80
133
134
82
26
41
83
68
69
89
81
65
88
128
164
189
177
122
71
64
120
178
160
112
80
50
9
-3
75
167
117
37
-11
-28
-20
-3
0
-18
-36
-33
-38
-9
3
-74
-161
-215
-204
-62
36
-1
-26
4
39
66
45
-7
-67
-125
-122
-40
17
4
-10
-5
25
55
36
-41
-122
-139
-74
-10
-50
-120
-165
-172
-121
-113
-177
-234
-258
-249
-172
-105
-154
-218
-209
-139
-168
-209
-241
-246
-205
-131
-83
-49
-91
-169
-125
-56
-67
-134
-129
-33
25
65
29
-67
-119
-100
-86
-44
4
-23
-92
-107
-91
-86
-107
-137
-165
-197
-204
-89
48
67
73
108
75
-17
-92
-90
-20
72
51
-58
-85
-17
41
45
41
69
71
58
44
32
13
-5
10
40
22
-35
-50
-36
-12
-13
-14
-29
-49
-57
-18
75
147
136
66
6
20
75
52
3
20
16
-71
-126
5
71
44
19
29
-7
-42
-34
-38
-88
-117
-26
97
112
88
115
162
172
132
48
51
77
89
72
1
-52
-33
26
71
70
72
76
65
48
72
65
-30
-116
-114
-88
-33
8
19
27
9
-84
-157
-145
-70
-10
0
19
87
156
196
169
67
-12
-51
2
115
168
107
66
103
161
133
50
-22
-56
-97
-88
-30
22
72
114
101
56
18
1
74
116
27
-23
28
92
135
150
147
128
53
-7
-40
-43
-26
-18
-27
-75
-82
26
153
160
77
23
38
72
86
45
13
23
76
146
170
136
102
73
37
66
91
77
48
64
74
36
21
83
135
137
106
105
141
132
81
65
73
44
13
17
19
32
33
19
60
113
73
6
-12
-29
-55
9
102
121
146
161
145
139
121
93
74
67
65
32
-3
-19
-44
-44
38
130
109
58
91
157
130
40
1
7
-9
-45
-74
-72
-53
4
50
50
12
-11
-3
41
26
-39
-45
-35
-67
-76
-41
-9
5
-9
-7
-17
-55
-76
-75
-18
21
54
64
58
88
99
53
12
20
33
22
21
36
59
66
39
34
53
-4
-50
-13
54
81
93
113
88
35
-10
-25
-3
10
19
42
54
45
27
48
117
118
102
107
101
64
56
102
101
96
96
49
-11
9
22
-45
-117
-136
-88
-46
-10
61
130
167
155
107
84
81
71
37
-5
-11
74
162
178
167
181
189
181
131
86
68
51
6
10
64
40
-42
-61
-2
67
89
41
16
49
90
115
88
117
180
139
44
0
-18
-24
-2
35
59
25
4
-1
-54
-69
-81
-130
-158
-126
-59
-20
18
105
140
76
12
13
60
58
43
50
48
83
102
68
52
50
50
51
85
112
114
51
22
64
54
-6
-7
68
90
29
11
44
56
55
75
65
19
9
22
20
1
-49
-33
67
129
124
97
76
60
19
21
74
42
-26
8
48
49
83
112
51
-29
-56
-50
-29
17
23
10
52
114
112
18
16
117
135
118
114
104
118
124
106
64
4
3
36
19
-12
25
53
73
120
76
-2
34
89
98
67
50
43
98
155
114
12
-11
12
-33
-12
71
113
117
145
164
153
140
104
39
0
-25
-66
-66
10
75
87
121
149
144
118
93
71
51
23
32
1
-26
35
89
122
144
128
66
71
69
66
57
67
107
121
117
145
169
121
91
209
315
248
133
117
178
220
194
89
17
59
100
85
66
67
58
18
20
81
96
40
52
93
89
66
60
34
8
12
-1
5
58
151
197
170
89
70
101
118
109
97
133
122
70
70
70
17
-46
-59
-49
17
103
194
226
188
117
86
98
108
98
113
123
102
100
114
92
88
101
92
48
43
106
198
205
134
81
1
-88
-56
40
87
57
0
-7
22
49
3
-99
-103
-19
41
38
-1
44
68
37
66
72
36
22
34
64
135
137
107
71
60
114
153
122
86
114
154
120
92
118
121
17
-82
-124
-125
-83
-49
-52
-37
19
21
-33
-139
-145
-121
-37
23
25
119
152
91
82
93
144
154
96
100
136
146
122
82
40
20
23
4
-34
-17
50
124
133
16
-70
-67
-60
-78
-130
-165
-115
-51
-26
-42
-35
-17
4
42
39
-5
-22
-12
38
102
69
-8
-39
11
45
33
53
82
102
113
123
98
67
58
7
-83
-72
0
20
27
23
-26
-55
-50
-74
-99
-66
-44
-66
-23
35
22
-21
-52
-109
-153
-126
-74
-71
-129
-146
-37
48
-22
-85
-23
121
193
218
261
163
38
0
9
17
-7
-43
-22
39
118
173
161
130
69
-33
-100
-100
-55
-26
-5
1
8
69
119
91
29
43
80
27
-1
7
-1
-37
-98
-108
-77
-49
-30
-35
26
185
188
182
148
128
103
89
57
58
135
165
149
162
178
151
105
99
74
-38
-132
-122
-44
13
8
-21
-49
-20
21
1
-38
-68
-81
-67
-116
-174
-164
-65
-6
-59
-69
75
124
76
128
229
269
228
179
178
210
264
240
163
106
55
73
140
91
8
-17
0
33
36
5
-5
-12
-11
-14
-38
-46
-59
-99
-105
-78
-81
-83
-91
-97
-20
84
147
181
137
52
36
89
112
52
-12
3
72
136
194
225
217
182
136
92
49
27
32
55
105
58
-24
-51
-52
-6
43
8
-44
10
128
146
73
29
22
49
45
18
58
134
144
100
16
-60
-67
-10
-28
-73
-28
73
155
169
168
203
150
84
68
74
120
122
118
64
-74
-103
-13
-18
-114
-125
-137
-204
-196
-157
-182
-260
-253
-145
-98
-156
-145
-100
-90
-97
-129
-247
-290
-197
-83
49
170
291
327
248
196
274
392
426
448
413
362
386
475
530
523
506
439
338
320
373
442
469
408
346
354
393
390
358
345
343
321
244
173
186
264
296
308
365
475
452
329
297
347
408
389
297
216
180
218
328
308
173
100
108
152
227
262
208
104
5
-7
-18
-51
-52
-37
23
115
166
121
28
-35
-72
-115
-137
-58
-14
-102
-139
-29
71
1
-129
-169
-140
-136
-107
-81
-132
-165
-137
-105
-75
-133
-212
-157
0
87
-26
-136
-161
-172
-169
-137
-146
-178
-149
-76
-45
-93
-74
-34
-74
-153
-225
-242
-216
-167
-135
-138
-141
-100
-68
-27
-2
-41
-91
-145
-155
-149
-138
-122
-135
-153
-122
-131
-124
-59
-17
4
-23
-76
-60
-33
-50
-108
-164
-164
-119
-22
58
57
42
137
260
237
170
131
160
216
202
182
201
274
314
256
212
220
194
136
100
112
164
217
244
224
134
82
99
55
-51
-146
-171
-85
17
-19
-121
-186
-155
-72
-25
-36
-69
-88
-60
-22
-100
-193
-196
-180
-228
-251
-210
-158
-149
-148
-107
-107
-125
-101
-122
-184
-132
-9
28
-28
17
-146
-115
-45
45
16
-53
-73
-84
-71
-39
-33
-132
-182
-168
-119
-70
-87
-152
-148
-76
-69
-121
-155
-140
-113
-107
-108
-33
100
140
73
-25
-73
-46
0
-51
-161
-196
-153
-60
-12
-20
-20
-5
6
53
102
64
-54
-125
-107
-89
-81
-61
-34
-20
-37
-42
-7
17
9
-40
-76
-66
-52
1
83
28
-87
-131
-129
-154
-140
-88
-42
6
57
77
34
6
49
101
86
25
4
19
107
169
91
10
12
83
138
120
123
113
12
-22
25
61
-14
-83
-54
28
42
21
6
-10
-33
-72
-113
-125
-158
-153
-119
-13
99
161
161
179
251
224
149
105
59
22
27
12
-25
-38
-8
67
139
90
42
115
188
140
9
-56
-35
-2
-26
-71
-66
-21
-6
17
92
151
161
171
149
128
117
32
-2
68
132
104
29
56
92
87
115
154
137
134
119
39
-18
28
96
92
98
187
244
194
141
130
161
102
5
6
49
12
-19
-2
23
68
82
3
-123
-188
-72
-9
-58
-54
54
106
21
-35
27
167
219
171
104
61
73
76
25
1
20
26
-42
-38
56
85
38
-7
9
85
172
178
115
90
131
165
133
83
84
96
56
8
11
43
51
-7
-51
-37
4
49
-5
-50
16
92
96
43
-1
-60
-54
43
64
-21
-117
-97
-8
38
22
-5
60
160
212
285
292
11
140
171
220
200
130
5
-9
50
128
185
169
133
105
60
60
86
121
141
138
197
280
227
161
135
167
135
35
-35
8
128
166
146
131
117
93
122
183
172
125
91
75
52
103
171
115
64
66
85
89
120
131
102
35
25
74
65
40
28
99
160
100
64
65
60
88
101
76
25
52
17
-9
6
18
61
90
69
16
5
117
168
119
86
-3
-58
-73
-118
-90
19
85
73
75
116
133
59
1
17
-2
-24
54
149
137
83
66
81
133
138
100
102
76
48
57
65
57
41
33
58
108
161
181
187
201
218
235
187
129
152
208
215
195
178
211
266
219
106
70
71
82
89
22
-33
-10
75
156
194
98
-13
-21
-1
-27
-20
76
130
118
121
181
224
198
122
-1
-81
-86
-71
-61
-20
0
-12
82
162
149
148
101
-19
-56
5
61
34
-75
-