73
84
71
57
66
73
65
58
66
70
67
70
82
80
58
36
21
12
19
25
24
21
16
-2
-35
-68
-100
-119
-109
-73
-39
-24
-12
3
6
5
10
17
8
-3
-5
8
36
60
75
80
82
96
105
107
101
92
89
87
84
84
73
65
49
35
28
27
12
2
9
25
27
12
-10
-36
-43
-41
-42
-42
-28
-24
-37
-45
-45
-42
-39
-36
-52
-78
-100
-106
-104
-103
-108
-119
-116
-101
-77
-70
-72
-74
-78
-90
-103
-104
-90
-82
-78
-84
-87
-77
-61
-61
-73
-69
-61
-65
-73
-74
-69
-65
-57
-50
-49
-60
-59
-51
-55
-57
-45
-23
4
23
32
27
20
18
27
38
38
42
51
70
87
91
80
67
69
71
58
38
23
18
24
54
85
92
76
41
24
41
72
75
55
41
50
56
65
72
74
65
52
39
28
29
34
25
7
3
11
24
36
48
60
64
56
52
60
82
82
66
66
64
59
52
38
32
33
27
33
52
71
86
87
84
98
105
92
75
69
73
88
102
96
84
77
90
117
123
118
99
80
65
43
32
37
40
38
40
52
67
68
54
39
26
21
23
40
76
103
113
121
123
124
136
148
140
114
89
75
61
55
48
29
2
-27
-34
-12
27
91
141
166
172
173
178
172
165
173
179
161
139
152
166
152
115
76
72
90
107
112
105
102
93
75
60
52
53
58
53
3
27
44
66
81
90
97
92
83
83
102
105
91
83
84
92
102
112
129
116
80
70
83
89
76
49
16
-3
4
32
57
73
82
88
53
33
48
60
65
57
39
33
37
56
42
6
20
60
82
89
86
76
88
101
93
85
43
8
16
-11
-34
-2
64
118
161
172
132
107
124
121
81
54
49
48
41
45
85
92
56
27
36
68
87
87
103
119
74
37
34
51
69
72
68
82
69
57
69
86
113
105
60
37
44
58
50
27
9
25
40
13
-4
2
24
22
11
12
23
27
21
17
24
34
24
27
48
45
50
66
74
58
49
71
33
6
23
58
88
92
67
58
74
55
24
18
18
18
23
36
52
65
93
119
86
23
3
6
7
-5
-37
-41
-18
-13
-17
6
25
35
57
88
103
100
84
69
48
38
29
42
66
64
44
35
32
27
29
34
28
38
49
49
37
40
57
55
49
48
38
23
-1
-29
-29
13
66
88
86
83
86
86
69
48
28
8
6
25
59
87
84
84
61
33
24
21
16
9
7
-1
-17
-24
-28
-53
-61
-25
13
-6
-30
-61
-75
-72
-66
-41
-22
-18
-8
7
44
87
97
68
37
34
53
91
148
138
92
89
100
90
83
86
92
101
104
104
92
69
53
49
28
20
41
80
54
21
19
12
5
1
4
18
24
10
4
17
35
28
9
37
64
81
113
134
97
51
56
88
72
26
2
3
10
28
66
116
132
118
116
133
136
97
56
74
125
120
76
60
77
98
104
86
54
4
-72
-120
-103
-55
-5
35
44
72
101
101
92
66
11
-35
-37
5
41
39
32
48
69
72
58
37
22
26
60
56
17
10
41
41
6
-14
-17
-26
-42
-37
-13
2
19
52
55
23
1
17
50
82
92
66
23
17
45
66
43
2
-18
2
23
32
54
99
116
89
74
75
77
76
69
55
45
49
60
82
51
26
53
57
35
12
5
52
97
88
76
51
42
72
87
36
-20
-23
17
41
52
103
103
43
16
29
71
93
119
136
106
59
59
97
115
146
151
103
83
113
147
138
100
89
64
24
33
65
57
12
8
22
5
5
19
13
37
33
-7
-39
-18
3
-20
-52
-8
57
67
59
41
35
57
67
48
39
22
29
54
68
65
43
25
26
17
-26
-39
-14
8
9
-22
-92
-131
-116
-86
-58
-53
-37
5
40
-2
-21
-24
-42
-37
-4
33
59
74
65
16
-6
35
86
93
82
77
60
89
106
83
90
145
177
185
185
195
216
233
234
209
166
119
108
128
161
204
243
227
151
108
133
123
67
33
48
74
80
52
22
22
51
91
90
52
54
72
83
86
56
19
1
0
22
52
65
56
55
48
-10
-5
17
-20
-84
-120
-123
-122
-120
-54
25
43
10
-4
85
136
27
-50
-42
11
42
5
-1
-30
-44
-13
2
-25
-43
-44
-74
-114
-133
-102
-66
-84
-98
-70
-81
-116
-92
-70
-85
-114
-106
-103
-110
-84
-68
-60
-22
27
44
12
-24
-41
-57
-46
13
86
83
22
7
42
60
40
37
32
17
10
42
54
50
34
51
91
107
98
76
71
68
40
18
27
36
29
26
43
81
93
99
87
81
61
28
35
77
66
7
21
96
139
137
98
70
45
64
129
136
82
77
92
96
100
113
102
91
112
101
67
48
36
33
35
24
-2
-33
-57
-88
-102
-86
-88
-114
-131
-147
-150
-129
-83
-41
-22
-10
1
-6
-22
0
20
4
-4
5
-3
6
56
107
100
68
